[[1.0000001192092896, 0.7930600643157959, 0.9677863121032715, 0.8708416223526001, 0.8581568002700806, 0.8306385278701782, 0.811905026435852, 0.8881822228431702, 0.8355096578598022, 0.7739365100860596, 0.7606496810913086, 0.8229696154594421, 0.7575267553329468, 0.821904182434082, 0.851356565952301, 0.7595678567886353, 0.8292496204376221, 0.8226093649864197, 0.9542636275291443, 0.8143584728240967, 0.8606503009796143, 0.8343275785446167, 0.7930600643157959, 0.8587355613708496, 0.9442074298858643, 0.8788503408432007, 0.9234157204627991, 0.8581568002700806, 0.9471110105514526, 0.7801744341850281, 0.8016527891159058, 0.8053045272827148], [0.7930600643157959, 1.0, 0.8020646572113037, 0.7652414441108704, 0.7686812877655029, 0.8268964886665344, 0.800697386264801, 0.7615261673927307, 0.8203654885292053, 0.9055492877960205, 0.9310973286628723, 0.8343906402587891, 0.923402726650238, 0.7667332887649536, 0.8217290043830872, 0.9256173968315125, 0.8682883381843567, 0.8379257917404175, 0.7889322638511658, 0.8195181488990784, 0.7927747368812561, 0.8659437298774719, 1.0, 0.7613301277160645, 0.8095651865005493, 0.8123685121536255, 0.7543657422065735, 0.7686812877655029, 0.8070908188819885, 0.7636851668357849, 0.8448482155799866, 0.7816445827484131], [0.9677863121032715, 0.8020646572113037, 1.000000238418579, 0.8751568794250488, 0.8686762452125549, 0.8019236922264099, 0.7978212833404541, 0.8945515155792236, 0.8354532122612, 0.7821277379989624, 0.7628759145736694, 0.8168454766273499, 0.7612805366516113, 0.8314105272293091, 0.8451725244522095, 0.7622382044792175, 0.8201974034309387, 0.8148492574691772, 0.9377819895744324, 0.8017477989196777, 0.8526239991188049, 0.8232129216194153, 0.8020646572113037, 0.8668460249900818, 0.9507066607475281, 0.8821053504943848, 0.8927477598190308, 0.8686762452125549, 0.9577412605285645, 0.7804691195487976, 0.8152043223381042, 0.8021248579025269], [0.8708416223526001, 0.7652414441108704, 0.8751568794250488, 1.0000001192092896, 0.9926838278770447, 0.7987545728683472, 0.7793006896972656, 0.9690824151039124, 0.8164879083633423, 0.7800732254981995, 0.754105269908905, 0.823017418384552, 0.750765323638916, 0.9526932239532471, 0.8376911282539368, 0.7501069903373718, 0.7978062033653259, 0.8017198443412781, 0.8524181246757507, 0.7957813739776611, 0.7874366044998169, 0.8184166550636292, 0.7652414441108704, 0.9748934507369995, 0.8702892065048218, 0.8189369440078735, 0.8440146446228027, 0.9926838278770447, 0.863883376121521, 0.7744682431221008, 0.7992966175079346, 0.7959247827529907], [0.8581568002700806, 0.7686812877655029, 0.8686762452125549, 0.9926838278770447, 1.0, 0.7817882299423218, 0.7631741762161255, 0.9653437733650208, 0.8125945925712585, 0.788308322429657, 0.7570088505744934, 0.8130115866661072, 0.7544215321540833, 0.9508206844329834, 0.8354215025901794, 0.7524303197860718, 0.7905920147895813, 0.7927604913711548, 0.8384528160095215, 0.7807501554489136, 0.7741323709487915, 0.8107705116271973, 0.7686812877655029, 0.9758497476577759, 0.8654771447181702, 0.8079487085342407, 0.8230595588684082, 1.0, 0.8609015345573425, 0.7634215354919434, 0.808173656463623, 0.7991576194763184], [0.8306385278701782, 0.8268964886665344, 0.8019236922264099, 0.7987545728683472, 0.7817882299423218, 1.0, 0.9659754633903503, 0.7798558473587036, 0.8880670070648193, 0.835476815700531, 0.8522942066192627, 0.9113326072692871, 0.854245662689209, 0.7843412756919861, 0.8280341029167175, 0.8555694222450256, 0.9012130498886108, 0.9025824069976807, 0.8451072573661804, 0.9602069854736328, 0.8003779053688049, 0.9526176452636719, 0.8268964886665344, 0.7624907493591309, 0.8274567723274231, 0.7960792779922485, 0.8282658457756042, 0.7817882299423218, 0.8093302845954895, 0.7836551666259766, 0.7774879336357117, 0.7520740032196045], [0.811905026435852, 0.800697386264801, 0.7978212833404541, 0.7793006896972656, 0.7631741762161255, 0.9659754633903503, 1.0, 0.768777072429657, 0.877541184425354, 0.8055648803710938, 0.8169897198677063, 0.8800861835479736, 0.8206506967544556, 0.7642183899879456, 0.8123614192008972, 0.8283085823059082, 0.875744640827179, 0.8629196882247925, 0.8228795528411865, 0.9262382388114929, 0.8270914554595947, 0.9298447966575623, 0.800697386264801, 0.7468159198760986, 0.8229382038116455, 0.807651937007904, 0.8245207071304321, 0.7631741762161255, 0.8055158853530884, 0.7486789226531982, 0.7740958333015442, 0.7402331233024597], [0.8881822228431702, 0.7615261673927307, 0.8945515155792236, 0.9690824151039124, 0.9653437733650208, 0.7798558473587036, 0.768777072429657, 0.9999999403953552, 0.8216952085494995, 0.7710916996002197, 0.7484067678451538, 0.8099972009658813, 0.7460634708404541, 0.9240492582321167, 0.8587209582328796, 0.7462257146835327, 0.7916558384895325, 0.7867696285247803, 0.8557793498039246, 0.7713519930839539, 0.804783284664154, 0.8039577603340149, 0.7615261673927307, 0.9799477458000183, 0.88333660364151, 0.8319671750068665, 0.8592562675476074, 0.9653437733650208, 0.8903353214263916, 0.7588040828704834, 0.7911221981048584, 0.793138325214386], [0.8355096578598022, 0.8203654885292053, 0.8354532122612, 0.8164879083633423, 0.8125945925712585, 0.8880670070648193, 0.877541184425354, 0.8216952085494995, 1.000000238418579, 0.8309181928634644, 0.8365438580513, 0.8468714356422424, 0.8365831971168518, 0.7876629829406738, 0.8740279078483582, 0.8491319417953491, 0.921949565410614, 0.8727987408638, 0.8541896343231201, 0.8808473348617554, 0.8200928568840027, 0.898121178150177, 0.8203654885292053, 0.8059732913970947, 0.8406471610069275, 0.867336630821228, 0.8198914527893066, 0.8125945925712585, 0.8446636199951172, 0.7526501417160034, 0.821302056312561, 0.7690452337265015], [0.7739365100860596, 0.9055492877960205, 0.7821277379989624, 0.7800732254981995, 0.788308322429657, 0.835476815700531, 0.8055648803710938, 0.7710916996002197, 0.8309181928634644, 0.9999998807907104, 0.9450394511222839, 0.8333527445793152, 0.9506904482841492, 0.7809125185012817, 0.8498789668083191, 0.9491150379180908, 0.8648796677589417, 0.8619148135185242, 0.7820262312889099, 0.8325737714767456, 0.7897779941558838, 0.8698689937591553, 0.9055492877960205, 0.7630670070648193, 0.8017958402633667, 0.7963148355484009, 0.7651306986808777, 0.788308322429657, 0.7894293665885925, 0.7784482836723328, 0.8381777405738831, 0.8063405156135559], [0.7606496810913086, 0.9310973286628723, 0.7628759145736694, 0.754105269908905, 0.7570088505744934, 0.8522942066192627, 0.8169897198677063, 0.7484067678451538, 0.8365438580513, 0.9450394511222839, 0.9999998211860657, 0.8253974914550781, 0.9966456294059753, 0.7532613277435303, 0.8116438984870911, 0.9817750453948975, 0.8572320342063904, 0.8441151976585388, 0.7731778025627136, 0.8361400365829468, 0.7780919671058655, 0.8671999573707581, 0.9310973286628723, 0.739646852016449, 0.7758751511573792, 0.7928260564804077, 0.7452298402786255, 0.7570088505744934, 0.7642396092414856, 0.7768919467926025, 0.7988916635513306, 0.7530235052108765], [0.8229696154594421, 0.8343906402587891, 0.8168454766273499, 0.823017418384552, 0.8130115866661072, 0.9113326072692871, 0.8800861835479736, 0.8099972009658813, 0.8468714356422424, 0.8333527445793152, 0.8253974914550781, 0.9999998807907104, 0.8260133266448975, 0.8025639653205872, 0.8286393880844116, 0.8326848745346069, 0.8870754241943359, 0.8938829898834229, 0.8391056060791016, 0.9137569069862366, 0.7754673361778259, 0.9463611841201782, 0.8343906402587891, 0.8021577596664429, 0.8344088792800903, 0.7789186835289001, 0.7974949479103088, 0.8130115866661072, 0.8213620185852051, 0.7716615796089172, 0.7889278531074524, 0.7708325386047363], [0.7575267553329468, 0.923402726650238, 0.7612805366516113, 0.750765323638916, 0.7544215321540833, 0.854245662689209, 0.8206506967544556, 0.7460634708404541, 0.8365831971168518, 0.9506904482841492, 0.9966456294059753, 0.8260133266448975, 1.000000238418579, 0.7522416114807129, 0.8154062032699585, 0.9803211092948914, 0.8583395481109619, 0.8464282155036926, 0.7733930349349976, 0.8372133374214172, 0.7796138525009155, 0.8685152530670166, 0.923402726650238, 0.7356178760528564, 0.7733433842658997, 0.7927557229995728, 0.7458499670028687, 0.7544215321540833, 0.7617958784103394, 0.7760566473007202, 0.8002405166625977, 0.7563765645027161], [0.821904182434082, 0.7667332887649536, 0.8314105272293091, 0.9526932239532471, 0.9508206844329834, 0.7843412756919861, 0.7642183899879456, 0.9240492582321167, 0.7876629829406738, 0.7809125185012817, 0.7532613277435303, 0.8025639653205872, 0.7522416114807129, 0.9999998211860657, 0.8158942461013794, 0.7524932622909546, 0.7845439910888672, 0.7871828675270081, 0.8215044140815735, 0.7768083810806274, 0.7743353843688965, 0.8032366037368774, 0.7667332887649536, 0.9374449253082275, 0.8135064840316772, 0.7900621891021729, 0.8078245520591736, 0.9508206844329834, 0.8065378665924072, 0.8315030932426453, 0.7831858396530151, 0.794150710105896], [0.851356565952301, 0.8217290043830872, 0.8451725244522095, 0.8376911282539368, 0.8354215025901794, 0.8280341029167175, 0.8123614192008972, 0.8587209582328796, 0.8740279078483582, 0.8498789668083191, 0.8116438984870911, 0.8286393880844116, 0.8154062032699585, 0.8158942461013794, 1.000000238418579, 0.8176261186599731, 0.8867603540420532, 0.8614510297775269, 0.8564936518669128, 0.8190880417823792, 0.8225576281547546, 0.8560776710510254, 0.8217290043830872, 0.8270111680030823, 0.8469361066818237, 0.8551443815231323, 0.8485530018806458, 0.8354215025901794, 0.8475910425186157, 0.7815049290657043, 0.8831624984741211, 0.888347327709198], [0.7595678567886353, 0.9256173968315125, 0.7622382044792175, 0.7501069903373718, 0.7524303197860718, 0.8555694222450256, 0.8283085823059082, 0.7462257146835327, 0.8491319417953491, 0.9491150379180908, 0.9817750453948975, 0.8326848745346069, 0.9803211092948914, 0.7524932622909546, 0.8176261186599731, 0.9999995827674866, 0.8658795356750488, 0.8540496826171875, 0.7698906064033508, 0.854794442653656, 0.780595600605011, 0.8870062828063965, 0.9256173968315125, 0.7348842620849609, 0.7801072597503662, 0.8019835352897644, 0.748542308807373, 0.7524303197860718, 0.7638967037200928, 0.782562792301178, 0.7973079681396484, 0.7579519152641296], [0.8292496204376221, 0.8682883381843567, 0.8201974034309387, 0.7978062033653259, 0.7905920147895813, 0.9012130498886108, 0.875744640827179, 0.7916558384895325, 0.921949565410614, 0.8648796677589417, 0.8572320342063904, 0.8870754241943359, 0.8583395481109619, 0.7845439910888672, 0.8867603540420532, 0.8658795356750488, 0.9999998807907104, 0.9514502286911011, 0.8512226939201355, 0.894737958908081, 0.8028509616851807, 0.9283519983291626, 0.8682883381843567, 0.7748692035675049, 0.8443853855133057, 0.8430142402648926, 0.7924654483795166, 0.7905920147895813, 0.8307672739028931, 0.7903924584388733, 0.8259777426719666, 0.79764723777771], [0.8226093649864197, 0.8379257917404175, 0.8148492574691772, 0.8017198443412781, 0.7927604913711548, 0.9025824069976807, 0.8629196882247925, 0.7867696285247803, 0.8727987408638, 0.8619148135185242, 0.8441151976585388, 0.8938829898834229, 0.8464282155036926, 0.7871828675270081, 0.8614510297775269, 0.8540496826171875, 0.9514502286911011, 1.0000001192092896, 0.8536141514778137, 0.9143349528312683, 0.7806813716888428, 0.9271900653839111, 0.8379257917404175, 0.7700899243354797, 0.846039891242981, 0.7932015657424927, 0.7928151488304138, 0.7927604913711548, 0.8209845423698425, 0.8040523529052734, 0.8157099485397339, 0.8033115267753601], [0.9542636275291443, 0.7889322638511658, 0.9377819895744324, 0.8524181246757507, 0.8384528160095215, 0.8451072573661804, 0.8228795528411865, 0.8557793498039246, 0.8541896343231201, 0.7820262312889099, 0.7731778025627136, 0.8391056060791016, 0.7733930349349976, 0.8215044140815735, 0.8564936518669128, 0.7698906064033508, 0.8512226939201355, 0.8536141514778137, 1.0000001192092896, 0.8310221433639526, 0.8579810261726379, 0.8536532521247864, 0.7889322638511658, 0.8398865461349487, 0.9282499551773071, 0.8488435745239258, 0.8875971436500549, 0.8384528160095215, 0.9330237507820129, 0.7888667583465576, 0.8122940063476562, 0.8128430247306824], [0.8143584728240967, 0.8195181488990784, 0.8017477989196777, 0.7957813739776611, 0.7807501554489136, 0.9602069854736328, 0.9262382388114929, 0.7713519930839539, 0.8808473348617554, 0.8325737714767456, 0.8361400365829468, 0.9137569069862366, 0.8372133374214172, 0.7768083810806274, 0.8190880417823792, 0.854794442653656, 0.894737958908081, 0.9143349528312683, 0.8310221433639526, 0.9999998211860657, 0.7884575724601746, 0.9629828929901123, 0.8195181488990784, 0.7570816278457642, 0.8234070539474487, 0.7988004684448242, 0.816071629524231, 0.7807501554489136, 0.8030214309692383, 0.7658203840255737, 0.7645152807235718, 0.7370842695236206], [0.8606503009796143, 0.7927747368812561, 0.8526239991188049, 0.7874366044998169, 0.7741323709487915, 0.8003779053688049, 0.8270914554595947, 0.804783284664154, 0.8200928568840027, 0.7897779941558838, 0.7780919671058655, 0.7754673361778259, 0.7796138525009155, 0.7743353843688965, 0.8225576281547546, 0.780595600605011, 0.8028509616851807, 0.7806813716888428, 0.8579810261726379, 0.7884575724601746, 0.9999998807907104, 0.8126699924468994, 0.7927747368812561, 0.7859201431274414, 0.8447609543800354, 0.9146791696548462, 0.9183999300003052, 0.7741323709487915, 0.8491982221603394, 0.7418440580368042, 0.8043721914291382, 0.7958398461341858], [0.8343275785446167, 0.8659437298774719, 0.8232129216194153, 0.8184166550636292, 0.8107705116271973, 0.9526176452636719, 0.9298447966575623, 0.8039577603340149, 0.898121178150177, 0.8698689937591553, 0.8671999573707581, 0.9463611841201782, 0.8685152530670166, 0.8032366037368774, 0.8560776710510254, 0.8870062828063965, 0.9283519983291626, 0.9271900653839111, 0.8536532521247864, 0.9629828929901123, 0.8126699924468994, 1.0000001192092896, 0.8659437298774719, 0.7947804927825928, 0.8483432531356812, 0.8162594437599182, 0.8209071159362793, 0.8107705116271973, 0.8320624828338623, 0.7924525737762451, 0.8199432492256165, 0.7864030003547668], [0.7930600643157959, 1.0, 0.8020646572113037, 0.7652414441108704, 0.7686812877655029, 0.8268964886665344, 0.800697386264801, 0.7615261673927307, 0.8203654885292053, 0.9055492877960205, 0.9310973286628723, 0.8343906402587891, 0.923402726650238, 0.7667332887649536, 0.8217290043830872, 0.9256173968315125, 0.8682883381843567, 0.8379257917404175, 0.7889322638511658, 0.8195181488990784, 0.7927747368812561, 0.8659437298774719, 1.0, 0.7613301277160645, 0.8095651865005493, 0.8123685121536255, 0.7543657422065735, 0.7686812877655029, 0.8070908188819885, 0.7636851668357849, 0.8448482155799866, 0.7816445827484131], [0.8587355613708496, 0.7613301277160645, 0.8668460249900818, 0.9748934507369995, 0.9758497476577759, 0.7624907493591309, 0.7468159198760986, 0.9799477458000183, 0.8059732913970947, 0.7630670070648193, 0.739646852016449, 0.8021577596664429, 0.7356178760528564, 0.9374449253082275, 0.8270111680030823, 0.7348842620849609, 0.7748692035675049, 0.7700899243354797, 0.8398865461349487, 0.7570816278457642, 0.7859201431274414, 0.7947804927825928, 0.7613301277160645, 0.9999995231628418, 0.8728803396224976, 0.8085706830024719, 0.8264286518096924, 0.9758497476577759, 0.8821988105773926, 0.7470828294754028, 0.7954109311103821, 0.7898421883583069], [0.9442074298858643, 0.8095651865005493, 0.9507066607475281, 0.8702892065048218, 0.8654771447181702, 0.8274567723274231, 0.8229382038116455, 0.88333660364151, 0.8406471610069275, 0.8017958402633667, 0.7758751511573792, 0.8344088792800903, 0.7733433842658997, 0.8135064840316772, 0.8469361066818237, 0.7801072597503662, 0.8443853855133057, 0.846039891242981, 0.9282499551773071, 0.8234070539474487, 0.8447609543800354, 0.8483432531356812, 0.8095651865005493, 0.8728803396224976, 1.0, 0.8561282753944397, 0.8616856932640076, 0.8654771447181702, 0.9859665632247925, 0.7626160383224487, 0.8225427865982056, 0.81290602684021], [0.8788503408432007, 0.8123685121536255, 0.8821053504943848, 0.8189369440078735, 0.8079487085342407, 0.7960792779922485, 0.807651937007904, 0.8319671750068665, 0.867336630821228, 0.7963148355484009, 0.7928260564804077, 0.7789186835289001, 0.7927557229995728, 0.7900621891021729, 0.8551443815231323, 0.8019835352897644, 0.8430142402648926, 0.7932015657424927, 0.8488435745239258, 0.7988004684448242, 0.9146791696548462, 0.8162594437599182, 0.8123685121536255, 0.8085706830024719, 0.8561282753944397, 0.9999998211860657, 0.9051526188850403, 0.8079487085342407, 0.8571803569793701, 0.7470657229423523, 0.805803656578064, 0.7794786691665649], [0.9234157204627991, 0.7543657422065735, 0.8927477598190308, 0.8440146446228027, 0.8230595588684082, 0.8282658457756042, 0.8245207071304321, 0.8592562675476074, 0.8198914527893066, 0.7651306986808777, 0.7452298402786255, 0.7974949479103088, 0.7458499670028687, 0.8078245520591736, 0.8485530018806458, 0.748542308807373, 0.7924654483795166, 0.7928151488304138, 0.8875971436500549, 0.816071629524231, 0.9183999300003052, 0.8209071159362793, 0.7543657422065735, 0.8264286518096924, 0.8616856932640076, 0.9051526188850403, 0.9999998807907104, 0.8230595588684082, 0.8626308441162109, 0.7438254952430725, 0.7761775851249695, 0.7923825979232788], [0.8581568002700806, 0.7686812877655029, 0.8686762452125549, 0.9926838278770447, 1.0, 0.7817882299423218, 0.7631741762161255, 0.9653437733650208, 0.8125945925712585, 0.788308322429657, 0.7570088505744934, 0.8130115866661072, 0.7544215321540833, 0.9508206844329834, 0.8354215025901794, 0.7524303197860718, 0.7905920147895813, 0.7927604913711548, 0.8384528160095215, 0.7807501554489136, 0.7741323709487915, 0.8107705116271973, 0.7686812877655029, 0.9758497476577759, 0.8654771447181702, 0.8079487085342407, 0.8230595588684082, 1.0, 0.8609015345573425, 0.7634215354919434, 0.808173656463623, 0.7991576194763184], [0.9471110105514526, 0.8070908188819885, 0.9577412605285645, 0.863883376121521, 0.8609015345573425, 0.8093302845954895, 0.8055158853530884, 0.8903353214263916, 0.8446636199951172, 0.7894293665885925, 0.7642396092414856, 0.8213620185852051, 0.7617958784103394, 0.8065378665924072, 0.8475910425186157, 0.7638967037200928, 0.8307672739028931, 0.8209845423698425, 0.9330237507820129, 0.8030214309692383, 0.8491982221603394, 0.8320624828338623, 0.8070908188819885, 0.8821988105773926, 0.9859665632247925, 0.8571803569793701, 0.8626308441162109, 0.8609015345573425, 0.9999997615814209, 0.747111439704895, 0.8300092220306396, 0.8131377100944519], [0.7801744341850281, 0.7636851668357849, 0.7804691195487976, 0.7744682431221008, 0.7634215354919434, 0.7836551666259766, 0.7486789226531982, 0.7588040828704834, 0.7526501417160034, 0.7784482836723328, 0.7768919467926025, 0.7716615796089172, 0.7760566473007202, 0.8315030932426453, 0.7815049290657043, 0.782562792301178, 0.7903924584388733, 0.8040523529052734, 0.7888667583465576, 0.7658203840255737, 0.7418440580368042, 0.7924525737762451, 0.7636851668357849, 0.7470828294754028, 0.7626160383224487, 0.7470657229423523, 0.7438254952430725, 0.7634215354919434, 0.747111439704895, 1.000000238418579, 0.7385818362236023, 0.765098512172699], [0.8016527891159058, 0.8448482155799866, 0.8152043223381042, 0.7992966175079346, 0.808173656463623, 0.7774879336357117, 0.7740958333015442, 0.7911221981048584, 0.821302056312561, 0.8381777405738831, 0.7988916635513306, 0.7889278531074524, 0.8002405166625977, 0.7831858396530151, 0.8831624984741211, 0.7973079681396484, 0.8259777426719666, 0.8157099485397339, 0.8122940063476562, 0.7645152807235718, 0.8043721914291382, 0.8199432492256165, 0.8448482155799866, 0.7954109311103821, 0.8225427865982056, 0.805803656578064, 0.7761775851249695, 0.808173656463623, 0.8300092220306396, 0.7385818362236023, 1.000000238418579, 0.886385440826416], [0.8053045272827148, 0.7816445827484131, 0.8021248579025269, 0.7959247827529907, 0.7991576194763184, 0.7520740032196045, 0.7402331233024597, 0.793138325214386, 0.7690452337265015, 0.8063405156135559, 0.7530235052108765, 0.7708325386047363, 0.7563765645027161, 0.794150710105896, 0.888347327709198, 0.7579519152641296, 0.79764723777771, 0.8033115267753601, 0.8128430247306824, 0.7370842695236206, 0.7958398461341858, 0.7864030003547668, 0.7816445827484131, 0.7898421883583069, 0.81290602684021, 0.7794786691665649, 0.7923825979232788, 0.7991576194763184, 0.8131377100944519, 0.765098512172699, 0.886385440826416, 0.9999998211860657]]