[[1.0, 0.7983802556991577, 0.9670900106430054, 0.8528774380683899, 0.8370729684829712, 0.8020582795143127, 0.8379337191581726, 0.9498536586761475, 0.8800688982009888, 0.771888017654419, 0.773219645023346, 0.8295425176620483, 0.7655108571052551, 0.8073590397834778, 0.8752173185348511, 0.7765592336654663, 0.826566219329834, 0.8132549524307251, 0.9185134172439575, 0.8369223475456238, 0.8573884963989258, 0.8406487107276917, 0.7976474165916443, 0.844495415687561, 0.9293835759162903, 0.8535851240158081, 0.8310995697975159, 0.8840171098709106, 0.9300597906112671, 0.8043788075447083, 0.842637300491333, 0.8075870275497437, 0.819771409034729, 0.7932460904121399, 0.7944552302360535, 0.8785759806632996, 0.7799932360649109, 0.7693721055984497, 0.7932460904121399, 0.7962245345115662, 0.7412596940994263, 0.7706628441810608, 0.7997731566429138, 0.7920354008674622, 0.7488847374916077, 0.7161577343940735, 0.7161577939987183, 0.7468429803848267, 0.7362632751464844, 0.7372948527336121, 0.7374861836433411, 0.7364046573638916, 0.7368224859237671, 0.7159010767936707, 0.8201876878738403, 0.7635527849197388, 0.8804200887680054, 0.8515203595161438, 0.8490819334983826, 0.8152340650558472, 0.8557479381561279, 0.7602459192276001, 0.7894152998924255, 0.8514955639839172, 0.8392667770385742, 0.9408984184265137, 0.7584348320960999, 0.8450623154640198, 0.7591982483863831, 0.7965088486671448, 0.7285630702972412, 0.7170169353485107, 0.9574111700057983, 0.7104365229606628, 0.8590872287750244, 0.8531874418258667, 0.8727291822433472, 0.836057186126709, 0.7987220287322998, 0.8482483625411987, 0.9613600373268127, 0.8370729684829712, 0.7183957099914551, 0.8906995058059692, 0.7668330073356628, 0.9289098381996155, 0.8479866981506348, 0.7674057483673096, 0.7842415571212769, 0.7964385151863098, 0.9300596714019775, 0.8483597040176392, 0.8411773443222046, 0.8323641419410706, 0.8069323897361755, 0.9303658604621887, 0.8210225701332092, 0.910479724407196, 0.7952415347099304, 0.9515011310577393], [0.7983802556991577, 0.9999995827674866, 0.7966576814651489, 0.7753080725669861, 0.7840666174888611, 0.8164631724357605, 0.7761944532394409, 0.8144094944000244, 0.8120682239532471, 0.9282341599464417, 0.9302738308906555, 0.864088773727417, 0.8707061409950256, 0.8297520279884338, 0.8246018886566162, 0.9295299649238586, 0.8568556904792786, 0.8187364935874939, 0.8232438564300537, 0.854295015335083, 0.7672193646430969, 0.8213382959365845, 0.9689083099365234, 0.775551974773407, 0.8260893225669861, 0.7599769234657288, 0.7313804030418396, 0.7915264368057251, 0.8125277161598206, 0.7914391756057739, 0.8298566937446594, 0.8185343742370605, 0.8188966512680054, 0.7542232871055603, 0.7562158107757568, 0.762811005115509, 0.9149937033653259, 0.9271945357322693, 0.7542232871055603, 0.7566593289375305, 0.8142411708831787, 0.8135901689529419, 0.812782883644104, 0.7607118487358093, 0.8161824345588684, 0.7878840565681458, 0.7878840565681458, 0.7945679426193237, 0.819544792175293, 0.7955242991447449, 0.7978412508964539, 0.8136927485466003, 0.8025486469268799, 0.7845904231071472, 0.7846196293830872, 0.8060876131057739, 0.8235198855400085, 0.8017145395278931, 0.8142920732498169, 0.850980818271637, 0.7742124795913696, 0.7989063262939453, 0.8575910329818726, 0.8158185482025146, 0.8435616493225098, 0.7651617527008057, 0.7318094372749329, 0.7893632054328918, 0.7847908735275269, 0.968974232673645, 0.8098187446594238, 0.7920001745223999, 0.810840904712677, 0.7789195775985718, 0.7889475226402283, 0.8331815600395203, 0.7849938869476318, 0.8202127814292908, 0.7733765840530396, 0.7747131586074829, 0.8196558952331543, 0.7840666174888611, 0.7923129200935364, 0.7944929003715515, 0.831658661365509, 0.8285794854164124, 0.7620771527290344, 0.9300878047943115, 0.7947583198547363, 0.7634050250053406, 0.8242702484130859, 0.771569550037384, 0.7724912166595459, 0.8267754912376404, 0.7546300292015076, 0.8112578988075256, 0.7815201878547668, 0.8011890649795532, 0.816229522228241, 0.8159993886947632], [0.9670900106430054, 0.7966576814651489, 1.000000238418579, 0.8715424537658691, 0.8686762452125549, 0.7874670028686523, 0.8258424997329712, 0.9748954176902771, 0.8862953782081604, 0.7649896740913391, 0.7638915181159973, 0.8174190521240234, 0.7508156895637512, 0.7876136898994446, 0.8524194955825806, 0.7719683051109314, 0.8121856451034546, 0.7837033867835999, 0.9087606072425842, 0.8224617838859558, 0.8684946894645691, 0.8092678189277649, 0.8020645976066589, 0.872407078742981, 0.957120418548584, 0.848518967628479, 0.8544042110443115, 0.9095967411994934, 0.9577112793922424, 0.7679663896560669, 0.841827392578125, 0.7877166271209717, 0.8023735880851746, 0.7577059864997864, 0.758289098739624, 0.8703253269195557, 0.7821541428565979, 0.7622383236885071, 0.7577059864997864, 0.757347822189331, 0.7375910878181458, 0.7699312567710876, 0.8092482089996338, 0.8036519289016724, 0.7427206039428711, 0.7111932635307312, 0.7111932635307312, 0.7423955202102661, 0.7275382280349731, 0.7297674417495728, 0.7293673753738403, 0.7311661243438721, 0.734419047832489, 0.7137134671211243, 0.816277027130127, 0.7631791830062866, 0.8732959032058716, 0.8395575284957886, 0.8428096175193787, 0.8022226691246033, 0.8614901900291443, 0.7606312036514282, 0.7951234579086304, 0.8490752577781677, 0.822169840335846, 0.9311702251434326, 0.7640178203582764, 0.8711084127426147, 0.7605932950973511, 0.7979971170425415, 0.7262970805168152, 0.7116459608078003, 0.9520667195320129, 0.7071451544761658, 0.8723479509353638, 0.8205145001411438, 0.8889617919921875, 0.8081325888633728, 0.8239491581916809, 0.8616462349891663, 0.9499742388725281, 0.8686762452125549, 0.7159508466720581, 0.9184045195579529, 0.7757710814476013, 0.9575685262680054, 0.8666716814041138, 0.7615168690681458, 0.7953808903694153, 0.8106470108032227, 0.9507066607475281, 0.8617010116577148, 0.8619158864021301, 0.7976447343826294, 0.8202813267707825, 0.8988408446311951, 0.8308833241462708, 0.9056793451309204, 0.7975614666938782, 0.9764825701713562], [0.8528774380683899, 0.7753080725669861, 0.8715424537658691, 0.9999997615814209, 0.9888113737106323, 0.7944220900535583, 0.8128950595855713, 0.8653329014778137, 0.8333296179771423, 0.7546714544296265, 0.7633288502693176, 0.8120490908622742, 0.7496673464775085, 0.7976534366607666, 0.8490685224533081, 0.7576611638069153, 0.8114370107650757, 0.7936440110206604, 0.8568542003631592, 0.8283047676086426, 0.8086967468261719, 0.8177623748779297, 0.7668463587760925, 0.994958758354187, 0.859732449054718, 0.7919108271598816, 0.8420560359954834, 0.9396132230758667, 0.8707172870635986, 0.7747341394424438, 0.8383634686470032, 0.7712101340293884, 0.778557538986206, 0.82518470287323, 0.8255994319915771, 0.8854342699050903, 0.7807504534721375, 0.7527313828468323, 0.82518470287323, 0.8198375701904297, 0.7394988536834717, 0.767948567867279, 0.8986767530441284, 0.9159973859786987, 0.7423911690711975, 0.7110344171524048, 0.7110344171524048, 0.7263424396514893, 0.7348959445953369, 0.7194029092788696, 0.7150318026542664, 0.720747709274292, 0.7317997217178345, 0.7152748703956604, 0.7958033084869385, 0.7536618709564209, 0.8392791152000427, 0.8246232867240906, 0.8375520706176758, 0.7902440428733826, 0.9445423483848572, 0.8418573141098022, 0.7799344062805176, 0.8134652972221375, 0.7879177927970886, 0.8741769790649414, 0.7915958166122437, 0.9925031661987305, 0.8422319889068604, 0.7864093780517578, 0.7308163642883301, 0.7165496349334717, 0.8391240835189819, 0.713205873966217, 0.9805375933647156, 0.8195295929908752, 0.9536817669868469, 0.8121588230133057, 0.9272578358650208, 0.8038827180862427, 0.8518922328948975, 0.9888113737106323, 0.710534393787384, 0.8883430361747742, 0.7607935070991516, 0.8603360652923584, 0.9676192998886108, 0.7507827281951904, 0.7673349976539612, 0.8982332348823547, 0.8739143013954163, 0.9786229729652405, 0.9363793730735779, 0.8124232292175293, 0.9031280875205994, 0.8368614315986633, 0.8273154497146606, 0.8687936067581177, 0.7729612588882446, 0.8696001172065735], [0.8370729684829712, 0.7840666174888611, 0.8686762452125549, 0.9888113737106323, 1.0, 0.7721744179725647, 0.7897663116455078, 0.8719518780708313, 0.8309186100959778, 0.7542939782142639, 0.7640075087547302, 0.7977659702301025, 0.7442718148231506, 0.7997323870658875, 0.8423930406570435, 0.764886200428009, 0.7959851026535034, 0.7685946822166443, 0.8454479575157166, 0.813188910484314, 0.7999467849731445, 0.7947376370429993, 0.7686812281608582, 0.9932302832603455, 0.8702142238616943, 0.7805825471878052, 0.8333539962768555, 0.9508907794952393, 0.8647454977035522, 0.7634773850440979, 0.8339300155639648, 0.7711422443389893, 0.7802276611328125, 0.8135911226272583, 0.8137747049331665, 0.8680399656295776, 0.7866494655609131, 0.7524303793907166, 0.8135911226272583, 0.8075591921806335, 0.7478731274604797, 0.773870587348938, 0.9148306846618652, 0.9334922432899475, 0.7544348239898682, 0.7277735471725464, 0.7277736663818359, 0.7378074526786804, 0.7469019293785095, 0.732205331325531, 0.727351725101471, 0.7318829298019409, 0.7465001344680786, 0.7234289050102234, 0.7826355695724487, 0.7647029757499695, 0.8283352255821228, 0.811833918094635, 0.8310932517051697, 0.7744163870811462, 0.947104811668396, 0.8478801846504211, 0.7905181646347046, 0.8073374032974243, 0.7908432483673096, 0.8504778742790222, 0.791007399559021, 0.9946548342704773, 0.8421686887741089, 0.7880139946937561, 0.7463183403015137, 0.7312329411506653, 0.8390973210334778, 0.7304248809814453, 0.9763191342353821, 0.7976621389389038, 0.9568188190460205, 0.7872415781021118, 0.946601152420044, 0.7921617031097412, 0.8459545373916626, 1.0, 0.7246716022491455, 0.8961456418037415, 0.7707475423812866, 0.8719539642333984, 0.9716384410858154, 0.7627953886985779, 0.7785616517066956, 0.9101576805114746, 0.8654771447181702, 0.9742562174797058, 0.9496989846229553, 0.7881138324737549, 0.9093133211135864, 0.8151208162307739, 0.8181484937667847, 0.8545910120010376, 0.7740488052368164, 0.8748705983161926], [0.8020582795143127, 0.8164631724357605, 0.7874670028686523, 0.7944220900535583, 0.7721744179725647, 0.9999999403953552, 0.878774881362915, 0.7822039127349854, 0.8400076627731323, 0.8448125123977661, 0.8380721807479858, 0.9014946222305298, 0.8293476104736328, 0.813307523727417, 0.8341165781021118, 0.8405718803405762, 0.9125537276268005, 0.9727225303649902, 0.8830795288085938, 0.9290528297424316, 0.773665189743042, 0.9317978620529175, 0.8127484321594238, 0.7863975763320923, 0.7824840545654297, 0.7742046117782593, 0.7722386121749878, 0.7742429971694946, 0.7797611951828003, 0.806429386138916, 0.8117291331291199, 0.7396216988563538, 0.7435168623924255, 0.8153554797172546, 0.8141486644744873, 0.8027765154838562, 0.8333250284194946, 0.843535304069519, 0.8153554797172546, 0.8067679405212402, 0.7732700109481812, 0.7904412150382996, 0.7302303910255432, 0.7019211053848267, 0.7403659224510193, 0.691295862197876, 0.691295862197876, 0.7445483207702637, 0.7478967905044556, 0.732830822467804, 0.7246148586273193, 0.7242032885551453, 0.7291572093963623, 0.7338736057281494, 0.875562310218811, 0.7671034336090088, 0.833344578742981, 0.8352018594741821, 0.8296204805374146, 0.9622289538383484, 0.7805110216140747, 0.7417381405830383, 0.7779740691184998, 0.8636329174041748, 0.7721254229545593, 0.827629566192627, 0.7529736161231995, 0.7812116742134094, 0.7521622180938721, 0.8494154810905457, 0.7254948019981384, 0.7165927886962891, 0.777807891368866, 0.6832214593887329, 0.7651892304420471, 0.9090074896812439, 0.7657243013381958, 0.9297624230384827, 0.71347576379776, 0.7832139730453491, 0.7878679037094116, 0.7721744179725647, 0.6991326212882996, 0.7717191576957703, 0.7773925065994263, 0.7818570137023926, 0.7610598802566528, 0.8170920610427856, 0.7446454167366028, 0.7166271805763245, 0.8065776228904724, 0.7542412877082825, 0.7242925763130188, 0.9225254654884338, 0.7303834557533264, 0.8340387344360352, 0.8299340009689331, 0.8245921730995178, 0.767916202545166, 0.7872946858406067], [0.8379337191581726, 0.7761944532394409, 0.8258424997329712, 0.8128950595855713, 0.7897663116455078, 0.878774881362915, 1.0, 0.8164350390434265, 0.8517445921897888, 0.8077210187911987, 0.788662314414978, 0.9425255656242371, 0.7802681922912598, 0.7803162932395935, 0.8206729888916016, 0.7897737622261047, 0.9420673847198486, 0.8968580365180969, 0.8655496835708618, 0.9240604639053345, 0.8276709318161011, 0.9325637817382812, 0.788596510887146, 0.8047903776168823, 0.8114410638809204, 0.8164711594581604, 0.7949705123901367, 0.7999519109725952, 0.8224784135818481, 0.7473409175872803, 0.8154919743537903, 0.7367343902587891, 0.740851640701294, 0.7580397129058838, 0.7598136067390442, 0.8048228025436401, 0.8093369603157043, 0.8053064942359924, 0.7580397129058838, 0.7590554356575012, 0.7319756746292114, 0.7850809097290039, 0.7565488815307617, 0.7323752045631409, 0.7114874124526978, 0.6693975329399109, 0.6693975329399109, 0.727465033531189, 0.7235195636749268, 0.7127929925918579, 0.7196380496025085, 0.7173148989677429, 0.7075128555297852, 0.7044290900230408, 0.8450079560279846, 0.7570877075195312, 0.8512911796569824, 0.8513318300247192, 0.8862990140914917, 0.8746076226234436, 0.7954890727996826, 0.7652870416641235, 0.7881487011909485, 0.8659564852714539, 0.7821418046951294, 0.8384365439414978, 0.7603614330291748, 0.7974823713302612, 0.7865926027297974, 0.8033345937728882, 0.7020041942596436, 0.6977567672729492, 0.8132131695747375, 0.671748161315918, 0.7958906888961792, 0.9135482907295227, 0.7955034971237183, 0.93956458568573, 0.7353574633598328, 0.8198919296264648, 0.8222764730453491, 0.7897663116455078, 0.6896634697914124, 0.792437732219696, 0.7529881000518799, 0.8107470870018005, 0.7831969857215881, 0.7730280756950378, 0.7683092355728149, 0.746210515499115, 0.8395361304283142, 0.7839319109916687, 0.7687622308731079, 0.8972713947296143, 0.7657213807106018, 0.8682238459587097, 0.8369390368461609, 0.8319535851478577, 0.7783056497573853, 0.8213019967079163], [0.9498536586761475, 0.8144094944000244, 0.9748954176902771, 0.8653329014778137, 0.8719518780708313, 0.7822039127349854, 0.8164350390434265, 0.9999999403953552, 0.8965941667556763, 0.7734102010726929, 0.778860330581665, 0.8190295696258545, 0.7552889585494995, 0.783510148525238, 0.8548908829689026, 0.7925499081611633, 0.8136091232299805, 0.7795530557632446, 0.9046518802642822, 0.8280035257339478, 0.8615834712982178, 0.8036406636238098, 0.8114188313484192, 0.8642873764038086, 0.9865365028381348, 0.842663049697876, 0.8402713537216187, 0.9257287383079529, 0.9705436825752258, 0.747484564781189, 0.8578156232833862, 0.8053242564201355, 0.8098162412643433, 0.7447420954704285, 0.744524359703064, 0.8664847016334534, 0.7913810610771179, 0.7706161141395569, 0.7447420954704285, 0.7415915131568909, 0.7577912211418152, 0.7921236753463745, 0.8379287123680115, 0.8082875609397888, 0.7618765234947205, 0.7336472272872925, 0.7336472272872925, 0.759344220161438, 0.7517522573471069, 0.7530245780944824, 0.7454476952552795, 0.7486075162887573, 0.7537230253219604, 0.7314106822013855, 0.8238431811332703, 0.7888419032096863, 0.8980368375778198, 0.8507301807403564, 0.8578594326972961, 0.8003214001655579, 0.8816481828689575, 0.7832977771759033, 0.8157685995101929, 0.8565152883529663, 0.8410680294036865, 0.9134664535522461, 0.761528491973877, 0.8682814240455627, 0.7716541290283203, 0.8048408627510071, 0.7498224973678589, 0.7319444417953491, 0.9810652732849121, 0.7307185530662537, 0.8829498887062073, 0.8184306025505066, 0.8928924798965454, 0.8015721440315247, 0.8323860168457031, 0.8532268404960632, 0.9707327485084534, 0.8719518780708313, 0.7337790727615356, 0.9163150787353516, 0.7916570901870728, 0.9874813556671143, 0.8857720494270325, 0.7826985716819763, 0.7963078022003174, 0.8154965043067932, 0.9628242254257202, 0.8717142939567566, 0.8723098039627075, 0.7973033785820007, 0.8229531049728394, 0.9015793800354004, 0.8358460664749146, 0.8936811685562134, 0.7983525395393372, 0.9988599419593811], [0.8800688982009888, 0.8120682239532471, 0.8862953782081604, 0.8333296179771423, 0.8309186100959778, 0.8400076627731323, 0.8517445921897888, 0.8965941667556763, 1.0, 0.8037965893745422, 0.7983711957931519, 0.861523449420929, 0.7688087821006775, 0.7920692563056946, 0.8588043451309204, 0.8024918437004089, 0.8482341170310974, 0.8156467080116272, 0.9292547702789307, 0.8473823666572571, 0.8530057668685913, 0.8238274455070496, 0.814439058303833, 0.8308910131454468, 0.8860597610473633, 0.8491811156272888, 0.8394100069999695, 0.8723998665809631, 0.8880940675735474, 0.7949512004852295, 0.8469491600990295, 0.801530122756958, 0.8171840906143188, 0.7893686294555664, 0.786553680896759, 0.843416690826416, 0.8130611777305603, 0.8002734780311584, 0.7893686294555664, 0.7806771397590637, 0.8012911677360535, 0.8114498853683472, 0.8360746502876282, 0.7903457880020142, 0.7812339067459106, 0.7613084316253662, 0.7613084316253662, 0.780397891998291, 0.7913225293159485, 0.7743436098098755, 0.7713441848754883, 0.77863609790802, 0.7788803577423096, 0.7582706212997437, 0.8726572394371033, 0.7989625930786133, 0.8741071224212646, 0.8877091407775879, 0.8775773644447327, 0.8549389243125916, 0.8407217860221863, 0.7961243391036987, 0.8475286960601807, 0.9431104063987732, 0.848595917224884, 0.84730464220047, 0.7917966246604919, 0.8374146223068237, 0.7648220062255859, 0.8096661567687988, 0.7772566676139832, 0.7623478174209595, 0.8854094743728638, 0.7605373859405518, 0.8505573272705078, 0.8385063409805298, 0.8524494171142578, 0.822823166847229, 0.8138898611068726, 0.848871111869812, 0.8914350271224976, 0.8309186100959778, 0.7627697587013245, 0.8770920038223267, 0.818849503993988, 0.8870407342910767, 0.8264841437339783, 0.7890774011611938, 0.8343883156776428, 0.81047123670578, 0.8825393319129944, 0.8279421329498291, 0.8379083275794983, 0.8069508671760559, 0.8184912800788879, 0.9050429463386536, 0.8275941610336304, 0.8521885871887207, 0.8087311387062073, 0.8964545130729675], [0.771888017654419, 0.9282341599464417, 0.7649896740913391, 0.7546714544296265, 0.7542939782142639, 0.8448125123977661, 0.8077210187911987, 0.7734102010726929, 0.8037965893745422, 0.9999999403953552, 0.9594556093215942, 0.8783985376358032, 0.8728766441345215, 0.8306819796562195, 0.8137444257736206, 0.9686641097068787, 0.8765577077865601, 0.8540471792221069, 0.8169652819633484, 0.8801078200340271, 0.793980062007904, 0.8438697457313538, 0.9274068474769592, 0.7501488327980042, 0.7771302461624146, 0.7890334725379944, 0.7571606040000916, 0.773307204246521, 0.7643128633499146, 0.7943787574768066, 0.7870423197746277, 0.7712863683700562, 0.7828983664512634, 0.7743518352508545, 0.776607871055603, 0.7569054365158081, 0.9456607103347778, 0.9992164373397827, 0.7743518352508545, 0.7764487862586975, 0.8179106712341309, 0.8008810877799988, 0.7855268716812134, 0.7325775623321533, 0.8141770362854004, 0.7704351544380188, 0.7704352140426636, 0.7821559906005859, 0.8256458640098572, 0.7802568674087524, 0.7880710959434509, 0.792363166809082, 0.7995747923851013, 0.8158007264137268, 0.8092049360275269, 0.8099443912506104, 0.7973182797431946, 0.8072100281715393, 0.8001378774642944, 0.885873019695282, 0.7603107690811157, 0.7764275670051575, 0.8407754302024841, 0.8160934448242188, 0.8139981627464294, 0.750898003578186, 0.7747130393981934, 0.7573955655097961, 0.7702333331108093, 0.9397163987159729, 0.7936533689498901, 0.8051334619522095, 0.773814857006073, 0.7603473663330078, 0.758120596408844, 0.8469310998916626, 0.7658020853996277, 0.8483196496963501, 0.7463406920433044, 0.8071146607398987, 0.7825931310653687, 0.7542939782142639, 0.768255889415741, 0.7709731459617615, 0.8345880508422852, 0.7793341279029846, 0.7433167099952698, 0.9665220975875854, 0.7831626534461975, 0.741176187992096, 0.7826107740402222, 0.7425925731658936, 0.7399625778198242, 0.8488540053367615, 0.7487188577651978, 0.821307897567749, 0.7785010933876038, 0.7923070788383484, 0.7666855454444885, 0.7738958597183228], [0.773219645023346, 0.9302738308906555, 0.7638915181159973, 0.7633288502693176, 0.7640075087547302, 0.8380721807479858, 0.788662314414978, 0.778860330581665, 0.7983711957931519, 0.9594556093215942, 1.0000001192092896, 0.8554319739341736, 0.852186381816864, 0.826984167098999, 0.8248161673545837, 0.9849869012832642, 0.8540061712265015, 0.8456249237060547, 0.8065507411956787, 0.8581494688987732, 0.7867295742034912, 0.8318119049072266, 0.9217702150344849, 0.7598079442977905, 0.778841495513916, 0.7879731059074402, 0.7549793124198914, 0.7716264724731445, 0.7762460112571716, 0.7883749604225159, 0.8154162764549255, 0.8224385976791382, 0.8128669261932373, 0.7656125426292419, 0.7665534615516663, 0.7787344455718994, 0.9630312919616699, 0.9619901180267334, 0.7656125426292419, 0.7662121653556824, 0.8120974898338318, 0.8314437866210938, 0.7992369532585144, 0.7439376711845398, 0.8120154738426208, 0.7775297164916992, 0.7775296568870544, 0.7901266813278198, 0.8310600519180298, 0.7969593405723572, 0.7889978289604187, 0.7977068424224854, 0.7960700392723083, 0.7918574810028076, 0.7950294613838196, 0.8083645701408386, 0.8197171092033386, 0.8254329562187195, 0.8153575658798218, 0.8921327590942383, 0.763276994228363, 0.7899132966995239, 0.8671755194664001, 0.8096791505813599, 0.8422979712486267, 0.7504706978797913, 0.7628158926963806, 0.7738413214683533, 0.7750903367996216, 0.9265764951705933, 0.7993444800376892, 0.7910642027854919, 0.7754573822021484, 0.7699406743049622, 0.7741079330444336, 0.8285117149353027, 0.7597471475601196, 0.8304632306098938, 0.7677082419395447, 0.7981922030448914, 0.7985750436782837, 0.7640075087547302, 0.7705867290496826, 0.7797427177429199, 0.8128108978271484, 0.7813864946365356, 0.7429173588752747, 0.9757023453712463, 0.792865514755249, 0.7690249085426331, 0.7947377562522888, 0.7516716122627258, 0.7566663026809692, 0.8351327180862427, 0.7595730423927307, 0.8150464296340942, 0.7861387729644775, 0.7965620756149292, 0.8048107028007507, 0.7790865302085876], [0.8295425176620483, 0.864088773727417, 0.8174190521240234, 0.8120490908622742, 0.7977659702301025, 0.9014946222305298, 0.9425255656242371, 0.8190295696258545, 0.861523449420929, 0.8783985376358032, 0.8554319739341736, 0.9999999403953552, 0.8418012857437134, 0.8285173177719116, 0.8406393527984619, 0.8571000695228577, 0.9909995794296265, 0.9196368455886841, 0.8704382181167603, 0.968107283115387, 0.8153740167617798, 0.9450761079788208, 0.8660001158714294, 0.806868314743042, 0.8201785087585449, 0.8140131831169128, 0.7800495028495789, 0.8013562560081482, 0.8235831260681152, 0.7818154692649841, 0.8563553094863892, 0.7791231870651245, 0.800510048866272, 0.773012101650238, 0.7752580046653748, 0.8117883205413818, 0.8609266877174377, 0.8738412261009216, 0.773012101650238, 0.774107813835144, 0.7763916254043579, 0.8031778931617737, 0.7852354645729065, 0.7513435482978821, 0.7776247262954712, 0.7437056303024292, 0.743705689907074, 0.7721298933029175, 0.7867769002914429, 0.7704825401306152, 0.770914614200592, 0.7781186103820801, 0.7626709938049316, 0.7487772107124329, 0.86412113904953, 0.8077725172042847, 0.8758400678634644, 0.8613109588623047, 0.8781433701515198, 0.9082564115524292, 0.7953587174415588, 0.7780083417892456, 0.8171464204788208, 0.8846415877342224, 0.8253441452980042, 0.8236773014068604, 0.7646631002426147, 0.8065952062606812, 0.7837185859680176, 0.8834500312805176, 0.7588409185409546, 0.7556208372116089, 0.8160057067871094, 0.7371661067008972, 0.8005384206771851, 0.9306797981262207, 0.8070845007896423, 0.9494377970695496, 0.7492096424102783, 0.8112833499908447, 0.829098105430603, 0.7977659702301025, 0.7542996406555176, 0.8127564191818237, 0.7959900498390198, 0.8229377269744873, 0.7826942205429077, 0.8456158638000488, 0.7885674834251404, 0.7542547583580017, 0.8430613279342651, 0.7873141169548035, 0.7767888307571411, 0.927079439163208, 0.7629673480987549, 0.8688430786132812, 0.8533414006233215, 0.833890974521637, 0.802090585231781, 0.8227120637893677], [0.7655108571052551, 0.8707061409950256, 0.7508156895637512, 0.7496673464775085, 0.7442718148231506, 0.8293476104736328, 0.7802681922912598, 0.7552889585494995, 0.7688087821006775, 0.8728766441345215, 0.852186381816864, 0.8418012857437134, 1.0000001192092896, 0.8032942414283752, 0.7943624258041382, 0.8615540266036987, 0.8445544838905334, 0.8369796276092529, 0.7973148822784424, 0.8467502593994141, 0.7589644193649292, 0.8285340666770935, 0.8651577830314636, 0.7457512021064758, 0.7564396858215332, 0.7525734901428223, 0.722339928150177, 0.7633399963378906, 0.7497798204421997, 0.762170672416687, 0.7731195092201233, 0.7574912309646606, 0.7660189270973206, 0.7576926350593567, 0.7597249150276184, 0.7638387680053711, 0.8505522012710571, 0.871023952960968, 0.7576926350593567, 0.7619533538818359, 0.8475395441055298, 0.7796217203140259, 0.7560803890228271, 0.7157266736030579, 0.8350615501403809, 0.7992017269134521, 0.7992018461227417, 0.8106095790863037, 0.8317659497261047, 0.8057013750076294, 0.8050326108932495, 0.8003742098808289, 0.8329082131385803, 0.8489264845848083, 0.8727487921714783, 0.8477568626403809, 0.7835551500320435, 0.7689719796180725, 0.7648113965988159, 0.836179792881012, 0.7430418729782104, 0.7825972437858582, 0.7710787057876587, 0.7893438935279846, 0.7830678224563599, 0.752534806728363, 0.734533429145813, 0.7495269179344177, 0.7355964183807373, 0.8820282816886902, 0.8238292932510376, 0.8208986520767212, 0.7521331906318665, 0.7871747016906738, 0.7459853887557983, 0.8289395570755005, 0.7490819692611694, 0.8317469358444214, 0.7227568030357361, 0.7668857574462891, 0.7664298415184021, 0.7442718148231506, 0.793362021446228, 0.7441380620002747, 0.8465059995651245, 0.7571563720703125, 0.7283813953399658, 0.8512999415397644, 0.7447450160980225, 0.7081161141395569, 0.7764314413070679, 0.7272316217422485, 0.7253316044807434, 0.8380591869354248, 0.7219333052635193, 0.8050917983055115, 0.7737809419631958, 0.7809821367263794, 0.7550478577613831, 0.7570969462394714], [0.8073590397834778, 0.8297520279884338, 0.7876136898994446, 0.7976534366607666, 0.7997323870658875, 0.813307523727417, 0.7803162932395935, 0.783510148525238, 0.7920692563056946, 0.8306819796562195, 0.826984167098999, 0.8285173177719116, 0.8032942414283752, 0.9999999403953552, 0.8143380880355835, 0.8303650617599487, 0.8235701322555542, 0.8306021690368652, 0.8262876868247986, 0.8370707035064697, 0.7606884241104126, 0.8085769414901733, 0.8056814670562744, 0.7939149141311646, 0.7952507734298706, 0.7650737762451172, 0.7680959105491638, 0.8046650290489197, 0.7772794961929321, 0.8987168073654175, 0.785887598991394, 0.7812976837158203, 0.7832562327384949, 0.9062972664833069, 0.9081717133522034, 0.7973995208740234, 0.8365198969841003, 0.8284299373626709, 0.9062972664833069, 0.9072245359420776, 0.7976396083831787, 0.7842965126037598, 0.8020529747009277, 0.7893056869506836, 0.7980055212974548, 0.7726042866706848, 0.7726043462753296, 0.7866743803024292, 0.797159731388092, 0.7708835005760193, 0.7695736289024353, 0.7788907885551453, 0.7925860285758972, 0.7580016851425171, 0.8171646595001221, 0.8035799264907837, 0.8029459714889526, 0.8057732582092285, 0.814195454120636, 0.8240898251533508, 0.808822512626648, 0.7652691602706909, 0.8105032444000244, 0.8153260946273804, 0.7967367172241211, 0.7621158361434937, 0.787034273147583, 0.800690233707428, 0.7696580290794373, 0.8433193564414978, 0.7887331247329712, 0.7702887654304504, 0.7929774522781372, 0.7576097846031189, 0.793351948261261, 0.7995519638061523, 0.803590714931488, 0.8026126027107239, 0.7991811633110046, 0.746924877166748, 0.8002172708511353, 0.7997323870658875, 0.7624471783638, 0.8157801032066345, 0.8137727379798889, 0.798133373260498, 0.7912781834602356, 0.8234789371490479, 0.7753294110298157, 0.7945556640625, 0.7960792779922485, 0.7808333039283752, 0.7971940636634827, 0.7928523421287537, 0.7910723686218262, 0.7990046143531799, 0.7913309335708618, 0.810742199420929, 0.7896562218666077, 0.7864885330200195], [0.8752173185348511, 0.8246018886566162, 0.8524194955825806, 0.8490685224533081, 0.8423930406570435, 0.8341165781021118, 0.8206729888916016, 0.8548908829689026, 0.8588043451309204, 0.8137444257736206, 0.8248161673545837, 0.8406393527984619, 0.7943624258041382, 0.8143380880355835, 1.0, 0.8262712359428406, 0.8395986557006836, 0.8435062170028687, 0.8943926692008972, 0.8496161699295044, 0.8016658425331116, 0.8574985861778259, 0.8091260194778442, 0.8521633148193359, 0.8467001914978027, 0.8010262846946716, 0.810023844242096, 0.8698900938034058, 0.8402958512306213, 0.829949140548706, 0.8660705089569092, 0.8145301938056946, 0.8361942172050476, 0.8029064536094666, 0.8026238679885864, 0.8771007061004639, 0.8199960589408875, 0.8112503290176392, 0.8029064536094666, 0.802404522895813, 0.778421938419342, 0.7929912209510803, 0.8299866914749146, 0.8025283217430115, 0.7735893726348877, 0.7444627285003662, 0.744462788105011, 0.7559138536453247, 0.7806137800216675, 0.7537661790847778, 0.752163290977478, 0.7542858123779297, 0.7656279802322388, 0.7545467019081116, 0.8403528928756714, 0.7931742072105408, 0.8530807495117188, 0.8642904162406921, 0.8522846698760986, 0.8463278412818909, 0.8553701043128967, 0.7908753752708435, 0.8334351778030396, 0.8377680778503418, 0.8479262590408325, 0.8797342777252197, 0.8018945455551147, 0.8505780100822449, 0.7794161438941956, 0.815761923789978, 0.759990930557251, 0.754204273223877, 0.8393353223800659, 0.7405527830123901, 0.8443736433982849, 0.8676668405532837, 0.8566926121711731, 0.8516167402267456, 0.82578444480896, 0.8008196353912354, 0.8531711101531982, 0.8423930406570435, 0.737272322177887, 0.853107750415802, 0.7905499339103699, 0.8467591404914856, 0.8308961987495422, 0.8137767314910889, 0.8001365065574646, 0.8185203075408936, 0.8412671089172363, 0.8319481015205383, 0.8325876593589783, 0.8560426235198975, 0.8304510116577148, 0.8932548761367798, 0.815683126449585, 0.8846419453620911, 0.8016129732131958, 0.8576388359069824], [0.7765592336654663, 0.9295299649238586, 0.7719683051109314, 0.7576611638069153, 0.764886200428009, 0.8405718803405762, 0.7897737622261047, 0.7925499081611633, 0.8024918437004089, 0.9686641097068787, 0.9849869012832642, 0.8571000695228577, 0.8615540266036987, 0.8303650617599487, 0.8262712359428406, 1.0000001192092896, 0.854907751083374, 0.8455708622932434, 0.8123915791511536, 0.8598816394805908, 0.7955706119537354, 0.8286017775535583, 0.9290008544921875, 0.755550742149353, 0.7960404753684998, 0.7961261868476868, 0.7639630436897278, 0.7889670133590698, 0.7724941968917847, 0.7899066209793091, 0.8071075081825256, 0.8019577860832214, 0.8026621341705322, 0.7682572603225708, 0.7686404585838318, 0.7737874388694763, 0.959927499294281, 0.9697916507720947, 0.7682572603225708, 0.7690536379814148, 0.8148465752601624, 0.8208573460578918, 0.8033483624458313, 0.7427235841751099, 0.81138676404953, 0.7813409566879272, 0.7813411355018616, 0.7900765538215637, 0.8300735950469971, 0.7925593256950378, 0.7858425378799438, 0.7933381795883179, 0.8001707792282104, 0.8008771538734436, 0.8016141057014465, 0.8124846816062927, 0.8092184066772461, 0.8201308250427246, 0.809367835521698, 0.891775369644165, 0.7772143483161926, 0.7790509462356567, 0.8559977412223816, 0.8123876452445984, 0.8369324803352356, 0.7520370483398438, 0.7726762890815735, 0.7653528451919556, 0.7753451466560364, 0.9310408234596252, 0.7985355854034424, 0.7959203124046326, 0.7910594940185547, 0.7681317925453186, 0.7656330466270447, 0.8276082277297974, 0.7648319005966187, 0.8273065090179443, 0.7675539255142212, 0.8089112639427185, 0.7978012561798096, 0.764886200428009, 0.7706007957458496, 0.7877707481384277, 0.8185981512069702, 0.7975842952728271, 0.7531064748764038, 0.9871366024017334, 0.8005311489105225, 0.7650046348571777, 0.7892089486122131, 0.7476869225502014, 0.7597290277481079, 0.8349728584289551, 0.7631940841674805, 0.8187417984008789, 0.7881361842155457, 0.7968837022781372, 0.7946121096611023, 0.7917109727859497], [0.826566219329834, 0.8568556904792786, 0.8121856451034546, 0.8114370107650757, 0.7959851026535034, 0.9125537276268005, 0.9420673847198486, 0.8136091232299805, 0.8482341170310974, 0.8765577077865601, 0.8540061712265015, 0.9909995794296265, 0.8445544838905334, 0.8235701322555542, 0.8395986557006836, 0.854907751083374, 0.9999999403953552, 0.9271777868270874, 0.8685606122016907, 0.9772693514823914, 0.8133973479270935, 0.9552322626113892, 0.8588836193084717, 0.8060247898101807, 0.8132892847061157, 0.8110697269439697, 0.7776256203651428, 0.7967062592506409, 0.814940869808197, 0.7791509628295898, 0.8545837998390198, 0.768182098865509, 0.7852698564529419, 0.7730209827423096, 0.7753829956054688, 0.8120096921920776, 0.8600577116012573, 0.8732905387878418, 0.7730209827423096, 0.7735131978988647, 0.7741653919219971, 0.7957263588905334, 0.7773744463920593, 0.7468074560165405, 0.7696735858917236, 0.7312654256820679, 0.7312653660774231, 0.7630197405815125, 0.7775928974151611, 0.7579533457756042, 0.7586944103240967, 0.7634380459785461, 0.7594121694564819, 0.7501363158226013, 0.8614838123321533, 0.8013374209403992, 0.8654246926307678, 0.8530656695365906, 0.8743041753768921, 0.9136620759963989, 0.7926883101463318, 0.7719228863716125, 0.8089253306388855, 0.8759633898735046, 0.8108436465263367, 0.8264090418815613, 0.762753427028656, 0.8041080236434937, 0.7752000093460083, 0.8791229724884033, 0.7546303272247314, 0.7490937113761902, 0.8101071715354919, 0.7231680154800415, 0.7956581711769104, 0.9389239549636841, 0.8034360408782959, 0.9593295454978943, 0.7432048320770264, 0.8093870878219604, 0.8246828317642212, 0.7959851026535034, 0.7384578585624695, 0.8076768517494202, 0.7904374003410339, 0.8161563277244568, 0.7804452180862427, 0.8434088230133057, 0.7744441628456116, 0.7455491423606873, 0.8362414836883545, 0.7874088287353516, 0.7687033414840698, 0.9375213384628296, 0.7575964331626892, 0.8619176149368286, 0.850132167339325, 0.8278253078460693, 0.7915624976158142, 0.818223237991333], [0.8132549524307251, 0.8187364935874939, 0.7837033867835999, 0.7936440110206604, 0.7685946822166443, 0.9727225303649902, 0.8968580365180969, 0.7795530557632446, 0.8156467080116272, 0.8540471792221069, 0.8456249237060547, 0.9196368455886841, 0.8369796276092529, 0.8306021690368652, 0.8435062170028687, 0.8455708622932434, 0.9271777868270874, 1.0, 0.8613567352294922, 0.9452393054962158, 0.7797335386276245, 0.9468370676040649, 0.8093551993370056, 0.7832227349281311, 0.7794591188430786, 0.7804820537567139, 0.7684648633003235, 0.7713528871536255, 0.7822667956352234, 0.7899969220161438, 0.8172205686569214, 0.7537937164306641, 0.7519446015357971, 0.8059449195861816, 0.8078970909118652, 0.8142656683921814, 0.8427653312683105, 0.8520628213882446, 0.8059449195861816, 0.802928626537323, 0.7672547101974487, 0.7960680723190308, 0.7371511459350586, 0.7033776044845581, 0.744156539440155, 0.6982482671737671, 0.6982482671737671, 0.752430260181427, 0.7537294626235962, 0.7413762807846069, 0.7346656322479248, 0.7342224717140198, 0.7321659326553345, 0.7380520105361938, 0.8645684123039246, 0.776526927947998, 0.8457303643226624, 0.8597623109817505, 0.8570873737335205, 0.9511039853096008, 0.7794782519340515, 0.7478503584861755, 0.7718269228935242, 0.8504312038421631, 0.7836229801177979, 0.8360884785652161, 0.7555404901504517, 0.7800177335739136, 0.7513480186462402, 0.8440231680870056, 0.732252836227417, 0.7250176668167114, 0.7802681922912598, 0.6916213035583496, 0.768985390663147, 0.9316157698631287, 0.7675127983093262, 0.9436206817626953, 0.7145380973815918, 0.78238445520401, 0.7948524355888367, 0.7685946822166443, 0.7098169326782227, 0.7699616551399231, 0.7694464921951294, 0.7793893814086914, 0.759628176689148, 0.8171276450157166, 0.7483949661254883, 0.7222998738288879, 0.8099673986434937, 0.7566800117492676, 0.729558527469635, 0.9356175661087036, 0.7313550710678101, 0.8581882119178772, 0.8369380831718445, 0.8371626734733582, 0.7708011865615845, 0.7847761511802673], [0.9185134172439575, 0.8232438564300537, 0.9087606072425842, 0.8568542003631592, 0.8454479575157166, 0.8830795288085938, 0.8655496835708618, 0.9046518802642822, 0.9292547702789307, 0.8169652819633484, 0.8065507411956787, 0.8704382181167603, 0.7973148822784424, 0.8262876868247986, 0.8943926692008972, 0.8123915791511536, 0.8685606122016907, 0.8613567352294922, 1.0000001192092896, 0.873447597026825, 0.8733832836151123, 0.8751081228256226, 0.8196597695350647, 0.8564216494560242, 0.9047658443450928, 0.859113872051239, 0.8395758271217346, 0.877863883972168, 0.8994489908218384, 0.8553582429885864, 0.8354489803314209, 0.794227123260498, 0.8067516684532166, 0.8451135158538818, 0.8417562246322632, 0.868141233921051, 0.8118807077407837, 0.8143248558044434, 0.8451135158538818, 0.836748480796814, 0.7922482490539551, 0.8027104735374451, 0.8113071322441101, 0.7804799675941467, 0.7675440907478333, 0.7303299903869629, 0.7303299903869629, 0.7627407908439636, 0.7729138731956482, 0.7502970099449158, 0.7507514357566833, 0.7510476112365723, 0.7585753202438354, 0.7469284534454346, 0.8717069625854492, 0.777317225933075, 0.8776101469993591, 0.8650203943252563, 0.8571254014968872, 0.887037992477417, 0.8506768345832825, 0.7895578742027283, 0.8410980701446533, 0.8896815180778503, 0.8440233469009399, 0.9136176705360413, 0.7696250081062317, 0.8517242670059204, 0.7798225283622742, 0.8272979259490967, 0.7546575665473938, 0.7410055994987488, 0.8899780511856079, 0.7283039093017578, 0.8550342917442322, 0.8886403441429138, 0.8445043563842773, 0.8724402785301208, 0.7966399192810059, 0.8642691373825073, 0.894731879234314, 0.8454479575157166, 0.7320687770843506, 0.8576157093048096, 0.8088518977165222, 0.9038668870925903, 0.8446675539016724, 0.802737832069397, 0.8205397129058838, 0.791826069355011, 0.8974272012710571, 0.845982015132904, 0.8150220513343811, 0.8708710074424744, 0.8051370978355408, 0.9126953482627869, 0.8421398997306824, 0.8819221258163452, 0.8087944388389587, 0.908275842666626], [0.8369223475456238, 0.854295015335083, 0.8224617838859558, 0.8283047676086426, 0.813188910484314, 0.9290528297424316, 0.9240604639053345, 0.8280035257339478, 0.8473823666572571, 0.8801078200340271, 0.8581494688987732, 0.968107283115387, 0.8467502593994141, 0.8370707035064697, 0.8496161699295044, 0.8598816394805908, 0.9772693514823914, 0.9452393054962158, 0.873447597026825, 1.0, 0.8169625401496887, 0.9573149681091309, 0.8551455140113831, 0.8234043121337891, 0.8246703147888184, 0.8183915019035339, 0.783829927444458, 0.8121373653411865, 0.8250006437301636, 0.7910292744636536, 0.8580471873283386, 0.7689048051834106, 0.7825842499732971, 0.7913584113121033, 0.7928165197372437, 0.8200019598007202, 0.862346887588501, 0.8772076964378357, 0.7913584113121033, 0.7905771732330322, 0.7820237874984741, 0.8022936582565308, 0.7856417894363403, 0.7537115812301636, 0.7665308117866516, 0.7255524396896362, 0.725552499294281, 0.7624151110649109, 0.7790380120277405, 0.7570339441299438, 0.754009485244751, 0.7565858364105225, 0.7583702206611633, 0.7558122873306274, 0.8833791017532349, 0.8041340708732605, 0.8682975172996521, 0.8565008640289307, 0.881549060344696, 0.9216094613075256, 0.8066884279251099, 0.7790240049362183, 0.8119537234306335, 0.8801630735397339, 0.8027908802032471, 0.8473645448684692, 0.7647364139556885, 0.8198421001434326, 0.7758579850196838, 0.8761453032493591, 0.756749153137207, 0.7483884692192078, 0.8227176070213318, 0.7208883166313171, 0.8079534769058228, 0.9424633979797363, 0.8176689147949219, 0.9557945728302002, 0.755859375, 0.8195831775665283, 0.8379535675048828, 0.813188910484314, 0.7326589822769165, 0.8155089616775513, 0.7948529124259949, 0.8273543119430542, 0.7963485717773438, 0.8442219495773315, 0.7673559188842773, 0.7575993537902832, 0.846450686454773, 0.8038333058357239, 0.7798358201980591, 0.9504052400588989, 0.7713029384613037, 0.864676833152771, 0.85577392578125, 0.8414283394813538, 0.7852326035499573, 0.8326433300971985], [0.8573884963989258, 0.7672193646430969, 0.8684946894645691, 0.8086967468261719, 0.7999467849731445, 0.773665189743042, 0.8276709318161011, 0.8615834712982178, 0.8530057668685913, 0.793980062007904, 0.7867295742034912, 0.8153740167617798, 0.7589644193649292, 0.7606884241104126, 0.8016658425331116, 0.795570611953735